1.000000000000000000e+00 9.572033208470517307e-01 -2.322489267134996982e-01 -1.694832280184306377e-03 2.198553405467159813e-02 1.008666852586817958e-01 1.568601972615983053e-01 6.580983864117002924e-02
9.572033208470517307e-01 1.000000000000000000e+00 -3.281268458102557517e-01 -6.834797634784044174e-02 -3.917632104878887578e-02 5.090407936474443396e-02 1.753309868302872498e-01 2.825085461859282512e-02
-2.322489267134996982e-01 -3.281268458102557517e-01 1.000000000000000000e+00 -1.146231630845869903e-01 -1.744638942060830200e-01 -1.361030513176347267e-01 7.845729414184533096e-03 -1.292265067656173660e-01
-1.694832280184306377e-03 -6.834797634784044174e-02 -1.146231630845869903e-01 1.000000000000000000e+00 8.586192387988849095e-01 7.657357941072154839e-01 -3.880513145208501768e-01 7.955172790739822863e-01
2.198553405467159813e-02 -3.917632104878887578e-02 -1.744638942060830200e-01 8.586192387988849095e-01 1.000000000000000000e+00 4.931856101880683907e-01 -6.080445378847240123e-01 6.881938287615370076e-01
1.008666852586817958e-01 5.090407936474443396e-02 -1.361030513176347267e-01 7.657357941072154839e-01 4.931856101880683907e-01 1.000000000000000000e+00 1.732443940900184054e-01 6.547729403792096337e-01
1.568601972615983053e-01 1.753309868302872498e-01 7.845729414184533096e-03 -3.880513145208501768e-01 -6.080445378847240123e-01 1.732443940900184054e-01 1.000000000000000000e+00 -2.650898111411581493e-01
6.580983864117002924e-02 2.825085461859282512e-02 -1.292265067656173660e-01 7.955172790739822863e-01 6.881938287615370076e-01 6.547729403792096337e-01 -2.650898111411581493e-01 1.000000000000000000e+00
