1.000000000000000000e+00 9.574043622084398297e-01 -2.461337999455941450e-01 -1.013005770772245073e-01 -4.874657743308994928e-01 4.066234678671638014e-01 5.859500642413659754e-01 6.168587522081766389e-03 1.903518765559879602e-02 4.046696028629002961e-02 -1.316887302595317819e-02
9.574043622084398297e-01 1.000000000000000000e+00 -3.454836572847649889e-01 -1.321103709608498489e-01 -5.007505449564791933e-01 3.976081491531603951e-01 5.726135379742047782e-01 8.548062934998455764e-03 1.395066970189004670e-02 2.285069151441406973e-02 2.220816073912051936e-02
-2.461337999455941450e-01 -3.454836572847649889e-01 1.000000000000000000e+00 3.530771055828366145e-01 3.058656867149930902e-01 8.790891006893769566e-02 -1.868374225811261502e-01 -1.414956752780707483e-01 -1.499741778556069327e-01 -1.632024635940467483e-01 -1.128327958609247200e-01
-1.013005770772245073e-01 -1.321103709608498489e-01 3.530771055828366145e-01 1.000000000000000000e+00 6.633599994164940394e-01 6.666372216161124964e-01 -1.817368756755111114e-01 4.322927659528980060e-01 4.161608342343210976e-01 3.767100155672807871e-01 9.864861646358243086e-02
-4.874657743308994928e-01 -5.007505449564791933e-01 3.058656867149930902e-01 6.633599994164940394e-01 1.000000000000000000e+00 9.337286348181329798e-02 -7.665972014658249956e-01 4.505005502981305754e-01 4.435688597319698556e-01 4.218336124031666357e-01 3.369390687635469284e-02
4.066234678671638014e-01 3.976081491531603951e-01 8.790891006893769566e-02 6.666372216161124964e-01 9.337286348181329798e-02 1.000000000000000000e+00 4.412748108199189279e-01 4.272370483291870191e-01 4.130158676292161601e-01 3.772584107222211602e-01 1.389820533939415403e-01
5.859500642413659754e-01 5.726135379742047782e-01 -1.868374225811261502e-01 -1.817368756755111114e-01 -7.665972014658249956e-01 4.412748108199189279e-01 1.000000000000000000e+00 -9.863849646561451134e-02 -9.946215042509148896e-02 -1.004766649961581215e-01 6.147388741526312733e-02
6.168587522081766389e-03 8.548062934998455764e-03 -1.414956752780707483e-01 4.322927659528980060e-01 4.505005502981305754e-01 4.272370483291870191e-01 -9.863849646561451134e-02 1.000000000000000000e+00 9.892596702188289903e-01 9.590743831522858809e-01 2.200861962397585581e-01
1.903518765559879602e-02 1.395066970189004670e-02 -1.499741778556069327e-01 4.161608342343210976e-01 4.435688597319698556e-01 4.130158676292161601e-01 -9.946215042509148896e-02 9.892596702188289903e-01 1.000000000000000000e+00 9.740597229455406625e-01 1.648989942342947990e-01
4.046696028629002961e-02 2.285069151441406973e-02 -1.632024635940467483e-01 3.767100155672807871e-01 4.218336124031666357e-01 3.772584107222211602e-01 -1.004766649961581215e-01 9.590743831522858809e-01 9.740597229455406625e-01 1.000000000000000000e+00 4.690489841196956305e-02
-1.316887302595317819e-02 2.220816073912051936e-02 -1.128327958609247200e-01 9.864861646358243086e-02 3.369390687635469284e-02 1.389820533939415403e-01 6.147388741526312733e-02 2.200861962397585581e-01 1.648989942342947990e-01 4.690489841196956305e-02 1.000000000000000000e+00
