1.000000000000000000e+00 9.572548118819639296e-01 -2.262671646639168033e-01 -4.509026149523433225e-02 -4.429486633258445383e-01 4.181546459273553507e-01 5.033249479081965960e-01 1.583106930080396477e-02 2.732275117309022894e-02 4.728820425564486674e-02 -3.069261351297086424e-02
9.572548118819639296e-01 1.000000000000000000e+00 -3.227204090589688157e-01 -5.726355172518234754e-02 -4.368990810726272045e-01 4.027212100098042646e-01 4.887503727878348414e-01 1.641724959426725874e-02 2.047838546149816780e-02 2.758375747506109851e-02 2.609148680803727305e-02
-2.262671646639168033e-01 -3.227204090589688157e-01 1.000000000000000000e+00 1.578065316688977426e-01 1.687130572820152441e-01 3.647200813324895461e-03 -1.566064874595997358e-01 -1.414183495035879201e-01 -1.529738951709177508e-01 -1.713057000398589269e-01 -9.418589296971358049e-02
-4.509026149523433225e-02 -5.726355172518234754e-02 1.578065316688977426e-01 1.000000000000000000e+00 6.855398165052571935e-01 6.604298457689568025e-01 -2.216223697701569517e-01 5.765202258463888452e-01 5.580846053912925653e-01 5.105852791383884703e-01 2.815676071551844739e-01
-4.429486633258445383e-01 -4.368990810726272045e-01 1.687130572820152441e-01 6.855398165052571935e-01 1.000000000000000000e+00 2.569381409558534404e-02 -7.738358313847066849e-01 4.667420266653384830e-01 4.555051802957007512e-01 4.254544901396348777e-01 1.665481673065861146e-01
4.181546459273553507e-01 4.027212100098042646e-01 3.647200813324895461e-03 6.604298457689568025e-01 2.569381409558534404e-02 1.000000000000000000e+00 4.652714807703321465e-01 4.672056483719759790e-01 4.529658977052904434e-01 4.137188074319892439e-01 2.575972829398296415e-01
5.033249479081965960e-01 4.887503727878348414e-01 -1.566064874595997358e-01 -2.216223697701569517e-01 -7.738358313847066849e-01 4.652714807703321465e-01 1.000000000000000000e+00 -9.205992045002005242e-02 -9.077972595636649156e-02 -9.050291293087113498e-02 2.288689461563001015e-02
1.583106930080396477e-02 1.641724959426725874e-02 -1.414183495035879201e-01 5.765202258463888452e-01 4.667420266653384830e-01 4.672056483719759790e-01 -9.205992045002005242e-02 1.000000000000000000e+00 9.867412870733840435e-01 9.528018852616485512e-01 2.545896742095241083e-01
2.732275117309022894e-02 2.047838546149816780e-02 -1.529738951709177508e-01 5.580846053912925653e-01 4.555051802957007512e-01 4.529658977052904434e-01 -9.077972595636649156e-02 9.867412870733840435e-01 1.000000000000000000e+00 9.690274573545675230e-01 1.965168133860031863e-01
4.728820425564486674e-02 2.758375747506109851e-02 -1.713057000398589269e-01 5.105852791383884703e-01 4.254544901396348777e-01 4.137188074319892439e-01 -9.050291293087113498e-02 9.528018852616485512e-01 9.690274573545675230e-01 1.000000000000000000e+00 5.416227152767841280e-02
-3.069261351297086424e-02 2.609148680803727305e-02 -9.418589296971358049e-02 2.815676071551844739e-01 1.665481673065861146e-01 2.575972829398296415e-01 2.288689461563001015e-02 2.545896742095241083e-01 1.965168133860031863e-01 5.416227152767841280e-02 1.000000000000000000e+00
