1.000000000000000000e+00 9.543822780661872507e-01 -2.248783385178047545e-01 -8.351683606904140855e-02 -2.463660697710592651e-01 1.443494244945971172e-01 3.119464450428927615e-01 3.762918554911452371e-03 1.369934725035381294e-02 3.122305644935751898e-02 -1.125989566305412963e-02
9.543822780661872507e-01 1.000000000000000000e+00 -3.249280719391263728e-01 -1.373953544701109752e-01 -2.875789770127628042e-01 1.116877680034531473e-01 3.247749817769897129e-01 -2.644925830210205931e-03 7.626529621870325798e-04 6.009420524483460695e-03 2.231271120536177863e-02
-2.248783385178047545e-01 -3.249280719391263728e-01 1.000000000000000000e+00 1.602145019027001460e-01 1.537292959541208537e-01 6.340649486387646416e-02 -1.803656128683114868e-01 -9.005921984634365773e-02 -1.014305242355514058e-01 -1.195214329271789278e-01 -7.045348793509262353e-02
-8.351683606904140855e-02 -1.373953544701109752e-01 1.602145019027001460e-01 1.000000000000000000e+00 8.477598565285429100e-01 6.924876700479327685e-01 -4.292968736741857305e-01 3.752595601079417031e-01 3.837225246155026026e-01 3.898073711998704116e-01 6.618238696991079681e-03
-2.463660697710592651e-01 -2.875789770127628042e-01 1.537292959541208537e-01 8.477598565285429100e-01 1.000000000000000000e+00 3.032458138873320719e-01 -7.134420558994708506e-01 3.233897513852462824e-01 3.302933961345230762e-01 3.350269512313366893e-01 -5.654030106288144945e-03
1.443494244945971172e-01 1.116877680034531473e-01 6.340649486387646416e-02 6.924876700479327685e-01 3.032458138873320719e-01 1.000000000000000000e+00 1.764804200488410690e-01 3.320149761534625932e-01 3.385478902184976824e-01 3.420423375037628388e-01 2.718164756514551000e-02
3.119464450428927615e-01 3.247749817769897129e-01 -1.803656128683114868e-01 -4.292968736741857305e-01 -7.134420558994708506e-01 1.764804200488410690e-01 1.000000000000000000e+00 -1.009355411101001271e-01 -1.009802233055139414e-01 -9.838001548115248018e-02 2.633997843401134856e-03
3.762918554911452371e-03 -2.644925830210205931e-03 -9.005921984634365773e-02 3.752595601079417031e-01 3.233897513852462824e-01 3.320149761534625932e-01 -1.009355411101001271e-01 1.000000000000000000e+00 9.896430990829961916e-01 9.600283522540429271e-01 2.208842052905667097e-01
1.369934725035381294e-02 7.626529621870325798e-04 -1.014305242355514058e-01 3.837225246155026026e-01 3.302933961345230762e-01 3.385478902184976824e-01 -1.009802233055139414e-01 9.896430990829961916e-01 1.000000000000000000e+00 9.745252505711634594e-01 1.652514056417184185e-01
3.122305644935751898e-02 6.009420524483460695e-03 -1.195214329271789278e-01 3.898073711998704116e-01 3.350269512313366893e-01 3.420423375037628388e-01 -9.838001548115248018e-02 9.600283522540429271e-01 9.745252505711634594e-01 1.000000000000000000e+00 4.655086392250883109e-02
-1.125989566305412963e-02 2.231271120536177863e-02 -7.045348793509262353e-02 6.618238696991079681e-03 -5.654030106288144945e-03 2.718164756514551000e-02 2.633997843401134856e-03 2.208842052905667097e-01 1.652514056417184185e-01 4.655086392250883109e-02 1.000000000000000000e+00
