1.000000000000000000e+00 9.564151874889110783e-01 -2.347960717393065833e-01 -1.110078726271768179e-01 -2.568984659326059017e-01 1.421848919137102818e-01 2.413149213588790531e-01 5.811454181505351299e-03 1.665668621119812190e-02 3.543101325965752890e-02 -3.532899597223585625e-02
9.564151874889110783e-01 1.000000000000000000e+00 -3.319597227319595611e-01 -1.562430307080285852e-01 -2.944432718934049120e-01 1.234749519746942970e-01 2.409984478316095080e-01 -4.304962342271232908e-03 2.488504408774787889e-04 7.233101295683492908e-03 1.395657476109546727e-02
-2.347960717393065833e-01 -3.319597227319595611e-01 1.000000000000000000e+00 1.785586466960358554e-01 1.792089186822686531e-01 1.789792406637440506e-02 -1.107767924702946355e-01 -1.131321907307531738e-01 -1.241232068001642541e-01 -1.400283463880661328e-01 -8.016446717194297689e-02
-1.110078726271768179e-01 -1.562430307080285852e-01 1.785586466960358554e-01 1.000000000000000000e+00 8.557003661677672346e-01 7.031981228469660339e-01 -3.928427961733408913e-01 3.699526421306397195e-01 3.779776752671754614e-01 3.844314298394005402e-01 -1.727667514344966015e-02
-2.568984659326059017e-01 -2.944432718934049120e-01 1.792089186822686531e-01 8.557003661677672346e-01 1.000000000000000000e+00 3.333661566670105270e-01 -6.836150986661057027e-01 3.336952189484766462e-01 3.406159120660986472e-01 3.459052851405535201e-01 -2.906077937543915385e-02
1.421848919137102818e-01 1.234749519746942970e-01 1.789792406637440506e-02 7.031981228469660339e-01 3.333661566670105270e-01 1.000000000000000000e+00 1.894881938269742105e-01 3.267926281429615054e-01 3.339987005258615582e-01 3.385922509961074578e-01 1.893444440180879970e-02
2.413149213588790531e-01 2.409984478316095080e-01 -1.107767924702946355e-01 -3.928427961733408913e-01 -6.836150986661057027e-01 1.894881938269742105e-01 1.000000000000000000e+00 -1.056110225801383251e-01 -1.063515159983171726e-01 -1.070296798565583962e-01 2.566030515713526444e-02
5.811454181505351299e-03 -4.304962342271232908e-03 -1.131321907307531738e-01 3.699526421306397195e-01 3.336952189484766462e-01 3.267926281429615054e-01 -1.056110225801383251e-01 1.000000000000000000e+00 9.896900630899346796e-01 9.605075130458637922e-01 2.155697142737785232e-01
1.665668621119812190e-02 2.488504408774787889e-04 -1.241232068001642541e-01 3.779776752671754614e-01 3.406159120660986472e-01 3.339987005258615582e-01 -1.063515159983171726e-01 9.896900630899346796e-01 1.000000000000000000e+00 9.750053508217167986e-01 1.575054806356395720e-01
3.543101325965752890e-02 7.233101295683492908e-03 -1.400283463880661328e-01 3.844314298394005402e-01 3.459052851405535201e-01 3.385922509961074578e-01 -1.070296798565583962e-01 9.605075130458637922e-01 9.750053508217167986e-01 1.000000000000000000e+00 3.594034185181166352e-02
-3.532899597223585625e-02 1.395657476109546727e-02 -8.016446717194297689e-02 -1.727667514344966015e-02 -2.906077937543915385e-02 1.893444440180879970e-02 2.566030515713526444e-02 2.155697142737785232e-01 1.575054806356395720e-01 3.594034185181166352e-02 1.000000000000000000e+00
