1.000000000000000000e+00 9.600916645947149552e-01 -2.578985840704169918e-01 -4.377915688864944532e-02 -2.626306859044869046e-02 1.703781509329064803e-01 2.973409564701190444e-01 2.195278033471885493e-02
9.600916645947149552e-01 1.000000000000000000e+00 -3.543031419858802544e-01 -1.396266292906347961e-01 -1.115129403926730794e-01 9.944656475378875482e-02 3.260345729406873283e-01 -5.486543750648598811e-03
-2.578985840704169918e-01 -3.543031419858802544e-01 1.000000000000000000e+00 -1.877341021407554489e-01 -2.591985510692041972e-01 -2.423578171934699099e-01 -8.183636716680292578e-03 -1.649045016368934358e-01
-4.377915688864944532e-02 -1.396266292906347961e-01 -1.877341021407554489e-01 1.000000000000000000e+00 9.080523036172424289e-01 7.689761942738809752e-01 -4.283938159322202566e-01 2.878729586809203322e-01
-2.626306859044869046e-02 -1.115129403926730794e-01 -2.591985510692041972e-01 9.080523036172424289e-01 1.000000000000000000e+00 5.248235122830346988e-01 -6.564025650358530362e-01 2.764027411288304537e-01
1.703781509329064803e-01 9.944656475378875482e-02 -2.423578171934699099e-01 7.689761942738809752e-01 5.248235122830346988e-01 1.000000000000000000e+00 1.399533647645310741e-01 2.502972356225610651e-01
2.973409564701190444e-01 3.260345729406873283e-01 -8.183636716680292578e-03 -4.283938159322202566e-01 -6.564025650358530362e-01 1.399533647645310741e-01 1.000000000000000000e+00 -9.026176716747648376e-02
2.195278033471885493e-02 -5.486543750648598811e-03 -1.649045016368934358e-01 2.878729586809203322e-01 2.764027411288304537e-01 2.502972356225610651e-01 -9.026176716747648376e-02 1.000000000000000000e+00
