1.000000000000000000e+00 9.015636003737544923e-01 -6.284760922036948527e-02 8.979531500042485515e-02 -5.006993845369592938e-02 2.001494175191277092e-01 1.265913536696381958e-01 -7.243114417866802768e-02
9.015636003737544923e-01 1.000000000000000000e+00 -1.553759539609113616e-01 4.966671242090740443e-03 -1.184021286995348421e-01 1.371623551325900359e-01 1.488982541347846078e-01 -1.451163317752200699e-01
-6.284760922036948527e-02 -1.553759539609113616e-01 1.000000000000000000e+00 -9.719977787431502425e-02 -1.208136555792158062e-01 -9.913328847548374956e-02 2.267242185925581743e-02 -1.423000935712901427e-01
8.979531500042485515e-02 4.966671242090740443e-03 -9.719977787431502425e-02 1.000000000000000000e+00 8.498635725814581710e-01 7.579478055694091054e-01 -3.704924860485227511e-01 7.226313581469470115e-01
-5.006993845369592938e-02 -1.184021286995348421e-01 -1.208136555792158062e-01 8.498635725814581710e-01 1.000000000000000000e+00 4.149844025156513294e-01 -6.934736449742263664e-01 6.437102205661549004e-01
2.001494175191277092e-01 1.371623551325900359e-01 -9.913328847548374956e-02 7.579478055694091054e-01 4.149844025156513294e-01 1.000000000000000000e+00 1.613873538751930403e-01 6.187163230359069566e-01
1.265913536696381958e-01 1.488982541347846078e-01 2.267242185925581743e-02 -3.704924860485227511e-01 -6.934736449742263664e-01 1.613873538751930403e-01 1.000000000000000000e+00 -2.146376024256414772e-01
-7.243114417866802768e-02 -1.451163317752200699e-01 -1.423000935712901427e-01 7.226313581469470115e-01 6.437102205661549004e-01 6.187163230359069566e-01 -2.146376024256414772e-01 1.000000000000000000e+00
