1.000000000000000000e+00 9.575739923681272359e-01 -2.335911647133992464e-01 -3.902016203219770690e-02 -1.904238554102515302e-01 1.561363833149396196e-01 2.568000273984308302e-01 9.656275319008880698e-03 1.872760261707464777e-02 3.509051535279174294e-02 -2.761005077037224920e-02
9.575739923681272359e-01 1.000000000000000000e+00 -3.315702115915831194e-01 -6.127757976056557448e-02 -2.164692327704873520e-01 1.660679479778724155e-01 2.629789690893420961e-01 9.510439810250216619e-03 1.121189671609537468e-02 1.429020814094252717e-02 2.845722229260907316e-02
-2.335911647133992464e-01 -3.315702115915831194e-01 1.000000000000000000e+00 5.154749356747613531e-02 8.662783126548559420e-02 -7.250937177338857842e-02 -1.214854833283133817e-01 -1.293765923068765367e-01 -1.411439228111183164e-01 -1.602043780960494268e-01 -9.477305891596801701e-02
-3.902016203219770690e-02 -6.127757976056557448e-02 5.154749356747613531e-02 1.000000000000000000e+00 8.305922226349823356e-01 6.639211286090233033e-01 -3.573190225872456827e-01 4.236813633221843678e-01 4.275369123422064210e-01 4.256516230127311284e-01 5.681269023376537414e-02
-1.904238554102515302e-01 -2.164692327704873520e-01 8.662783126548559420e-02 8.305922226349823356e-01 1.000000000000000000e+00 2.435684103906288756e-01 -6.906434587157724847e-01 3.657769208036223962e-01 3.709237932489401479e-01 3.729355680735388923e-01 2.265091492850403523e-02
1.561363833149396196e-01 1.660679479778724155e-01 -7.250937177338857842e-02 6.639211286090233033e-01 2.435684103906288756e-01 1.000000000000000000e+00 2.576145690291638535e-01 3.600215313663199801e-01 3.604954543068862871e-01 3.533303082906770753e-01 8.643900968701412335e-02
2.568000273984308302e-01 2.629789690893420961e-01 -1.214854833283133817e-01 -3.573190225872456827e-01 -6.906434587157724847e-01 2.576145690291638535e-01 1.000000000000000000e+00 -9.447221247858780813e-02 -9.581135146350849841e-02 -9.595338861700523914e-02 5.532490481367111253e-03
9.656275319008880698e-03 9.510439810250216619e-03 -1.293765923068765367e-01 4.236813633221843678e-01 3.657769208036223962e-01 3.600215313663199801e-01 -9.447221247858780813e-02 1.000000000000000000e+00 9.874431082730221743e-01 9.537272647269224857e-01 2.550915491398849100e-01
1.872760261707464777e-02 1.121189671609537468e-02 -1.411439228111183164e-01 4.275369123422064210e-01 3.709237932489401479e-01 3.604954543068862871e-01 -9.581135146350849841e-02 9.874431082730221743e-01 1.000000000000000000e+00 9.697284996092671028e-01 1.967480254756091285e-01
3.509051535279174294e-02 1.429020814094252717e-02 -1.602043780960494268e-01 4.256516230127311284e-01 3.729355680735388923e-01 3.533303082906770753e-01 -9.595338861700523914e-02 9.537272647269224857e-01 9.697284996092671028e-01 1.000000000000000000e+00 5.366903389921968970e-02
-2.761005077037224920e-02 2.845722229260907316e-02 -9.477305891596801701e-02 5.681269023376537414e-02 2.265091492850403523e-02 8.643900968701412335e-02 5.532490481367111253e-03 2.550915491398849100e-01 1.967480254756091285e-01 5.366903389921968970e-02 1.000000000000000000e+00
