1.000000000000000000e+00 8.964713128841104162e-01 -6.936830547538087866e-02 2.615518574932584536e-02 -5.230366021732039267e-02 6.949194622712293046e-02 1.291974248245973678e-01 -9.845992427332715680e-02
8.964713128841104162e-01 1.000000000000000000e+00 -1.660682720207933005e-01 -5.014625660498775450e-02 -1.305609596814911455e-01 4.420181802109862668e-02 1.650676733088189407e-01 -1.731210516132781763e-01
-6.936830547538087866e-02 -1.660682720207933005e-01 1.000000000000000000e+00 -1.020189843048803502e-01 -1.133604004301453361e-01 -9.579060516404692971e-02 5.277134028764179571e-03 -1.375848194415385806e-01
2.615518574932584536e-02 -5.014625660498775450e-02 -1.020189843048803502e-01 1.000000000000000000e+00 8.518808518178216937e-01 7.185486279223761708e-01 -3.691152045968588702e-01 7.015232276753655682e-01
-5.230366021732039267e-02 -1.305609596814911455e-01 -1.133604004301453361e-01 8.518808518178216937e-01 1.000000000000000000e+00 3.656263849985492698e-01 -6.726424072371967045e-01 6.484560141983790604e-01
6.949194622712293046e-02 4.420181802109862668e-02 -9.579060516404692971e-02 7.185486279223761708e-01 3.656263849985492698e-01 1.000000000000000000e+00 2.095008748417826472e-01 5.967921078515870947e-01
1.291974248245973678e-01 1.650676733088189407e-01 5.277134028764179571e-03 -3.691152045968588702e-01 -6.726424072371967045e-01 2.095008748417826472e-01 1.000000000000000000e+00 -2.164310400693678360e-01
-9.845992427332715680e-02 -1.731210516132781763e-01 -1.375848194415385806e-01 7.015232276753655682e-01 6.484560141983790604e-01 5.967921078515870947e-01 -2.164310400693678360e-01 1.000000000000000000e+00
